105 105 1.0
105 105 1.0
2 1 -1.0
1 2 -1.0
3 1 -1.0
1 3 -1.0
4 1 -1.0
1 4 -1.0
5 1 1.0
1 5 1.0
6 1 -1.0
1 6 -1.0
7 1 1.0
1 7 1.0
4 2 -1.0
2 4 -1.0
6 2 1.0
2 6 1.0
7 2 -1.0
2 7 -1.0
5 3 -1.0
3 5 -1.0
6 3 1.0
3 6 1.0
8 3 -1.0
3 8 -1.0
6 4 -1.0
4 6 -1.0
9 4 -1.0
4 9 -1.0
10 4 -1.0
4 10 -1.0
11 4 -1.0
4 11 -1.0
12 4 -1.0
4 12 -1.0
13 4 -1.0
4 13 -1.0
14 4 -1.0
4 14 -1.0
15 4 -1.0
4 15 -1.0
16 4 -1.0
4 16 -1.0
17 4 -1.0
4 17 -1.0
18 4 -1.0
4 18 -1.0
19 4 -1.0
4 19 -1.0
20 4 -1.0
4 20 -1.0
21 4 -1.0
4 21 -1.0
22 4 -1.0
4 22 -1.0
23 4 -1.0
4 23 -1.0
24 4 -1.0
4 24 -1.0
25 4 -1.0
4 25 -1.0
26 4 -1.0
4 26 -1.0
27 4 -1.0
4 27 -1.0
28 4 -1.0
4 28 -1.0
6 5 -1.0
5 6 -1.0
7 5 1.0
5 7 1.0
29 5 1.0
5 29 1.0
30 5 -1.0
5 30 -1.0
31 5 -1.0
5 31 -1.0
32 5 -1.0
5 32 -1.0
7 6 -1.0
6 7 -1.0
8 6 -1.0
6 8 -1.0
8 7 1.0
7 8 1.0
11 7 -1.0
7 11 -1.0
13 7 -1.0
7 13 -1.0
19 7 1.0
7 19 1.0
23 7 -1.0
7 23 -1.0
26 7 -1.0
7 26 -1.0
30 7 -1.0
7 30 -1.0
15 8 -1.0
8 15 -1.0
31 8 -1.0
8 31 -1.0
59 8 -1.0
8 59 -1.0
72 8 -1.0
8 72 -1.0
86 8 -1.0
8 86 -1.0
10 9 -1.0
9 10 -1.0
11 9 -1.0
9 11 -1.0
12 9 1.0
9 12 1.0
13 9 1.0
9 13 1.0
14 9 1.0
9 14 1.0
15 9 1.0
9 15 1.0
21 9 1.0
9 21 1.0
22 9 1.0
9 22 1.0
23 9 1.0
9 23 1.0
24 9 1.0
9 24 1.0
25 9 1.0
9 25 1.0
27 9 1.0
9 27 1.0
28 9 1.0
9 28 1.0
33 9 1.0
9 33 1.0
34 9 1.0
9 34 1.0
36 9 1.0
9 36 1.0
38 9 1.0
9 38 1.0
41 9 -1.0
9 41 -1.0
42 9 1.0
9 42 1.0
43 9 1.0
9 43 1.0
44 9 1.0
9 44 1.0
45 9 1.0
9 45 1.0
46 9 1.0
9 46 1.0
47 9 -1.0
9 47 -1.0
12 10 -1.0
10 12 -1.0
13 10 -1.0
10 13 -1.0
15 10 -1.0
10 15 -1.0
21 10 -1.0
10 21 -1.0
25 10 -1.0
10 25 -1.0
28 10 -1.0
10 28 -1.0
42 10 -1.0
10 42 -1.0
46 10 -1.0
10 46 -1.0
48 10 -1.0
10 48 -1.0
49 10 -1.0
10 49 -1.0
50 10 -1.0
10 50 -1.0
51 10 -1.0
10 51 -1.0
52 10 -1.0
10 52 -1.0
53 10 -1.0
10 53 -1.0
12 11 -1.0
11 12 -1.0
13 11 -1.0
11 13 -1.0
16 11 -1.0
11 16 -1.0
17 11 -1.0
11 17 -1.0
20 11 -1.0
11 20 -1.0
22 11 -1.0
11 22 -1.0
34 11 -1.0
11 34 -1.0
36 11 -1.0
11 36 -1.0
38 11 -1.0
11 38 -1.0
39 11 -1.0
11 39 -1.0
40 11 -1.0
11 40 -1.0
56 11 -1.0
11 56 -1.0
13 12 1.0
12 13 1.0
14 12 1.0
12 14 1.0
15 12 1.0
12 15 1.0
18 12 1.0
12 18 1.0
21 12 1.0
12 21 1.0
22 12 1.0
12 22 1.0
23 12 1.0
12 23 1.0
27 12 1.0
12 27 1.0
28 12 1.0
12 28 1.0
30 12 1.0
12 30 1.0
46 12 1.0
12 46 1.0
48 12 1.0
12 48 1.0
51 12 1.0
12 51 1.0
57 12 1.0
12 57 1.0
14 13 1.0
13 14 1.0
15 13 1.0
13 15 1.0
16 13 1.0
13 16 1.0
18 13 1.0
13 18 1.0
19 13 -1.0
13 19 -1.0
24 13 1.0
13 24 1.0
25 13 1.0
13 25 1.0
33 13 1.0
13 33 1.0
34 13 1.0
13 34 1.0
37 13 1.0
13 37 1.0
39 13 1.0
13 39 1.0
40 13 1.0
13 40 1.0
41 13 -1.0
13 41 -1.0
42 13 1.0
13 42 1.0
45 13 1.0
13 45 1.0
47 13 -1.0
13 47 -1.0
48 13 1.0
13 48 1.0
55 13 1.0
13 55 1.0
56 13 1.0
13 56 1.0
18 14 1.0
14 18 1.0
30 14 1.0
14 30 1.0
33 14 1.0
14 33 1.0
41 14 -1.0
14 41 -1.0
43 14 1.0
14 43 1.0
44 14 1.0
14 44 1.0
45 14 1.0
14 45 1.0
48 14 1.0
14 48 1.0
58 14 1.0
14 58 1.0
26 15 1.0
15 26 1.0
27 15 1.0
15 27 1.0
59 15 1.0
15 59 1.0
17 16 1.0
16 17 1.0
56 16 1.0
16 56 1.0
48 18 1.0
18 48 1.0
56 20 1.0
20 56 1.0
57 20 1.0
20 57 1.0
78 20 1.0
20 78 1.0
25 21 1.0
21 25 1.0
41 21 -1.0
21 41 -1.0
49 21 -1.0
21 49 -1.0
50 21 1.0
21 50 1.0
54 21 1.0
21 54 1.0
58 21 1.0
21 58 1.0
24 22 1.0
22 24 1.0
26 23 1.0
23 26 1.0
41 23 -1.0
23 41 -1.0
53 23 1.0
23 53 1.0
28 24 1.0
24 28 1.0
33 24 1.0
24 33 1.0
34 24 1.0
24 34 1.0
48 24 1.0
24 48 1.0
55 24 1.0
24 55 1.0
27 25 1.0
25 27 1.0
41 25 -1.0
25 41 -1.0
48 25 1.0
25 48 1.0
54 25 1.0
25 54 1.0
41 26 -1.0
26 41 -1.0
41 27 -1.0
27 41 -1.0
46 27 1.0
27 46 1.0
48 27 1.0
27 48 1.0
54 27 1.0
27 54 1.0
41 28 -1.0
28 41 -1.0
42 28 1.0
28 42 1.0
48 28 1.0
28 48 1.0
55 28 1.0
28 55 1.0
67 29 -1.0
29 67 -1.0
73 29 -1.0
29 73 -1.0
32 31 1.0
31 32 1.0
59 31 -1.0
31 59 -1.0
67 31 1.0
31 67 1.0
68 31 1.0
31 68 1.0
71 31 1.0
31 71 1.0
74 31 1.0
31 74 1.0
75 31 1.0
31 75 1.0
76 31 1.0
31 76 1.0
77 31 -1.0
31 77 -1.0
78 31 -1.0
31 78 -1.0
80 31 1.0
31 80 1.0
81 31 1.0
31 81 1.0
83 31 1.0
31 83 1.0
84 31 1.0
31 84 1.0
85 31 1.0
31 85 1.0
87 31 1.0
31 87 1.0
94 31 1.0
31 94 1.0
100 31 1.0
31 100 1.0
50 32 -1.0
32 50 -1.0
74 32 1.0
32 74 1.0
75 32 1.0
32 75 1.0
76 32 1.0
32 76 1.0
77 32 -1.0
32 77 -1.0
78 32 -1.0
32 78 -1.0
79 32 1.0
32 79 1.0
83 32 1.0
32 83 1.0
92 32 1.0
32 92 1.0
34 33 1.0
33 34 1.0
38 34 1.0
34 38 1.0
39 34 1.0
34 39 1.0
40 34 1.0
34 40 1.0
48 34 1.0
34 48 1.0
36 35 1.0
35 36 1.0
37 35 1.0
35 37 1.0
38 35 1.0
35 38 1.0
39 35 1.0
35 39 1.0
40 35 1.0
35 40 1.0
37 36 1.0
36 37 1.0
38 36 1.0
36 38 1.0
39 36 1.0
36 39 1.0
40 36 1.0
36 40 1.0
41 36 -1.0
36 41 -1.0
44 36 1.0
36 44 1.0
45 36 1.0
36 45 1.0
42 37 1.0
37 42 1.0
48 37 1.0
37 48 1.0
39 38 1.0
38 39 1.0
48 38 1.0
38 48 1.0
40 39 1.0
39 40 1.0
41 40 -1.0
40 41 -1.0
43 40 1.0
40 43 1.0
42 41 -1.0
41 42 -1.0
43 41 -1.0
41 43 -1.0
45 41 -1.0
41 45 -1.0
46 41 -1.0
41 46 -1.0
48 41 -1.0
41 48 -1.0
54 41 -1.0
41 54 -1.0
55 41 -1.0
41 55 -1.0
48 42 1.0
42 48 1.0
55 42 1.0
42 55 1.0
44 43 1.0
43 44 1.0
48 43 1.0
43 48 1.0
57 44 1.0
44 57 1.0
48 46 1.0
46 48 1.0
48 47 -1.0
47 48 -1.0
103 47 -1.0
47 103 -1.0
55 48 1.0
48 55 1.0
50 49 -1.0
49 50 -1.0
58 49 -1.0
49 58 -1.0
58 50 1.0
50 58 1.0
59 50 1.0
50 59 1.0
73 50 -1.0
50 73 -1.0
77 50 -1.0
50 77 -1.0
59 51 1.0
51 59 1.0
53 52 -1.0
52 53 -1.0
59 52 -1.0
52 59 -1.0
65 52 -1.0
52 65 -1.0
66 52 -1.0
52 66 -1.0
70 52 1.0
52 70 1.0
59 53 1.0
53 59 1.0
65 53 -1.0
53 65 -1.0
77 54 -1.0
54 77 -1.0
58 57 1.0
57 58 1.0
65 59 -1.0
59 65 -1.0
66 59 -1.0
59 66 -1.0
69 59 -1.0
59 69 -1.0
70 59 -1.0
59 70 -1.0
78 59 1.0
59 78 1.0
86 59 -1.0
59 86 -1.0
61 60 1.0
60 61 1.0
62 60 1.0
60 62 1.0
63 60 1.0
60 63 1.0
64 60 1.0
60 64 1.0
100 60 1.0
60 100 1.0
63 61 1.0
61 63 1.0
64 61 1.0
61 64 1.0
85 61 1.0
61 85 1.0
87 61 1.0
61 87 1.0
100 61 1.0
61 100 1.0
87 62 1.0
62 87 1.0
96 62 1.0
62 96 1.0
102 62 1.0
62 102 1.0
64 63 1.0
63 64 1.0
85 63 1.0
63 85 1.0
100 63 1.0
63 100 1.0
101 63 1.0
63 101 1.0
100 64 1.0
64 100 1.0
66 65 1.0
65 66 1.0
67 65 1.0
65 67 1.0
68 65 1.0
65 68 1.0
69 65 1.0
65 69 1.0
70 65 -1.0
65 70 -1.0
71 65 1.0
65 71 1.0
68 66 1.0
66 68 1.0
69 66 1.0
66 69 1.0
70 66 -1.0
66 70 -1.0
86 66 1.0
66 86 1.0
68 67 1.0
67 68 1.0
71 67 1.0
67 71 1.0
73 67 1.0
67 73 1.0
74 67 1.0
67 74 1.0
75 67 1.0
67 75 1.0
77 67 -1.0
67 77 -1.0
81 67 1.0
67 81 1.0
85 67 1.0
67 85 1.0
86 67 1.0
67 86 1.0
87 67 1.0
67 87 1.0
89 67 1.0
67 89 1.0
90 67 1.0
67 90 1.0
91 67 1.0
67 91 1.0
94 67 1.0
67 94 1.0
97 67 1.0
67 97 1.0
98 67 1.0
67 98 1.0
100 67 1.0
67 100 1.0
101 67 1.0
67 101 1.0
104 68 -1.0
68 104 -1.0
105 68 -1.0
68 105 -1.0
72 69 1.0
69 72 1.0
105 70 1.0
70 105 1.0
72 71 1.0
71 72 1.0
73 71 1.0
71 73 1.0
76 71 1.0
71 76 1.0
91 71 1.0
71 91 1.0
73 72 1.0
72 73 1.0
74 72 1.0
72 74 1.0
75 72 1.0
72 75 1.0
76 72 1.0
72 76 1.0
77 72 -1.0
72 77 -1.0
78 72 -1.0
72 78 -1.0
79 72 1.0
72 79 1.0
80 72 1.0
72 80 1.0
81 72 1.0
72 81 1.0
82 72 1.0
72 82 1.0
83 72 1.0
72 83 1.0
84 72 1.0
72 84 1.0
74 73 1.0
73 74 1.0
75 73 1.0
73 75 1.0
76 73 1.0
73 76 1.0
77 73 -1.0
73 77 -1.0
79 73 1.0
73 79 1.0
80 73 1.0
73 80 1.0
81 73 1.0
73 81 1.0
83 73 1.0
73 83 1.0
85 73 1.0
73 85 1.0
86 73 1.0
73 86 1.0
87 73 1.0
73 87 1.0
88 73 1.0
73 88 1.0
89 73 1.0
73 89 1.0
90 73 1.0
73 90 1.0
91 73 1.0
73 91 1.0
92 73 1.0
73 92 1.0
93 73 1.0
73 93 1.0
75 74 1.0
74 75 1.0
76 74 1.0
74 76 1.0
83 74 1.0
74 83 1.0
84 74 1.0
74 84 1.0
85 74 1.0
74 85 1.0
87 74 1.0
74 87 1.0
90 74 1.0
74 90 1.0
93 74 1.0
74 93 1.0
94 74 1.0
74 94 1.0
95 74 1.0
74 95 1.0
96 74 1.0
74 96 1.0
97 74 1.0
74 97 1.0
98 74 1.0
74 98 1.0
99 74 1.0
74 99 1.0
100 74 1.0
74 100 1.0
101 74 1.0
74 101 1.0
76 75 1.0
75 76 1.0
79 75 1.0
75 79 1.0
80 75 1.0
75 80 1.0
83 75 1.0
75 83 1.0
85 75 1.0
75 85 1.0
88 75 1.0
75 88 1.0
89 75 1.0
75 89 1.0
92 75 1.0
75 92 1.0
99 75 1.0
75 99 1.0
100 75 1.0
75 100 1.0
77 76 -1.0
76 77 -1.0
78 76 -1.0
76 78 -1.0
79 76 1.0
76 79 1.0
80 76 1.0
76 80 1.0
83 76 1.0
76 83 1.0
84 76 1.0
76 84 1.0
85 76 1.0
76 85 1.0
92 76 1.0
76 92 1.0
93 76 1.0
76 93 1.0
78 77 -1.0
77 78 -1.0
83 77 -1.0
77 83 -1.0
84 77 -1.0
77 84 -1.0
85 77 -1.0
77 85 -1.0
87 77 -1.0
77 87 -1.0
85 80 1.0
80 85 1.0
92 80 1.0
80 92 1.0
101 80 1.0
80 101 1.0
85 82 1.0
82 85 1.0
87 82 1.0
82 87 1.0
98 82 1.0
82 98 1.0
85 83 1.0
83 85 1.0
85 84 1.0
84 85 1.0
88 84 1.0
84 88 1.0
101 84 1.0
84 101 1.0
87 85 1.0
85 87 1.0
88 85 1.0
85 88 1.0
89 85 1.0
85 89 1.0
90 85 1.0
85 90 1.0
95 85 1.0
85 95 1.0
97 85 1.0
85 97 1.0
98 85 1.0
85 98 1.0
100 85 1.0
85 100 1.0
101 85 1.0
85 101 1.0
102 85 1.0
85 102 1.0
90 87 1.0
87 90 1.0
94 87 1.0
87 94 1.0
98 87 1.0
87 98 1.0
101 87 1.0
87 101 1.0
102 87 1.0
87 102 1.0
99 88 1.0
88 99 1.0
90 89 1.0
89 90 1.0
92 91 1.0
91 92 1.0
100 91 1.0
91 100 1.0
99 92 1.0
92 99 1.0
101 92 1.0
92 101 1.0
95 94 1.0
94 95 1.0
100 94 1.0
94 100 1.0
103 94 1.0
94 103 1.0
96 95 1.0
95 96 1.0
97 95 1.0
95 97 1.0
102 95 1.0
95 102 1.0
103 95 1.0
95 103 1.0
103 96 1.0
96 103 1.0
98 97 1.0
97 98 1.0
101 97 1.0
97 101 1.0
101 99 1.0
99 101 1.0
101 100 1.0
100 101 1.0
102 101 1.0
101 102 1.0
105 104 1.0
104 105 1.0